010011001011001
011011110110111
011100111000110
011011110110111
011101110111011
011110011000011
001000001101111
011101000111010
011001010110010
011010111001010
011100111000110
011101000111010
001110100011101
001000001101111
011010100110101
011001010110010
011000101001110
011000011001111
011000110110001
000011011111001
000010100000101
011100111000110
011011011001001
011011110110111
011011000110110
011010010110100
011011101001000
011000011001111
001011001101001
001000001101111
011010111001010
011101011000101
011100100111001
011101110111011
011001010110010
001011001101001
001000001101111
011100111000110
011011011001001
011010010110100
011001010110010
011000110110001
011010010110100
011000011001111
001011100010111
